	-5,11599580975979	|	-852,665968298168	|	0,00599999999996573	|
-----------------------------------------------------
	-4,42284862919699	|	-368,570719100802	|	0,0119999999999657	|
-----------------------------------------------------
	-4,01738352108788	|	-223,187973394196	|	0,0179999999999657	|
-----------------------------------------------------
	-3,72970144863562	|	-155,404227026706	|	0,0239999999999657	|
-----------------------------------------------------
	-3,50655789732112	|	-116,885263244171	|	0,0299999999999657	|
-----------------------------------------------------
	-3,32423634052698	|	-92,3398983480595	|	0,0359999999999657	|
-----------------------------------------------------
	-3,17008566069958	|	-75,4782300167184	|	0,0419999999999657	|
-----------------------------------------------------
	-3,03655426807496	|	-63,2615472516068	|	0,0479999999999657	|
-----------------------------------------------------
	-2,9187712324185	|	-54,0513191188954	|	0,0539999999999657	|
-----------------------------------------------------
	-2,81341071676061	|	-46,8901786127036	|	0,0599999999999657	|
-----------------------------------------------------
	-2,71810053695623	|	-41,1833414690552	|	0,0659999999999657	|
-----------------------------------------------------
	-2,63108915996656	|	-36,5429049995529	|	0,0719999999999657	|
-----------------------------------------------------
	-2,55104645229298	|	-32,7057237473603	|	0,0779999999999657	|
-----------------------------------------------------
	-2,47693848013923	|	-29,4873628588124	|	0,0839999999999657	|
-----------------------------------------------------
	-2,40794560865225	|	-26,7549512072574	|	0,0899999999999657	|
-----------------------------------------------------
	-2,34340708751466	|	-24,4104904949531	|	0,0959999999999658	|
-----------------------------------------------------
	-2,2827824656982	|	-22,3802202519507	|	0,101999999999966	|
-----------------------------------------------------
	-2,22562405185823	|	-20,607630109805	|	0,107999999999966	|
-----------------------------------------------------
	-2,17155683058794	|	-19,0487441279701	|	0,113999999999966	|
-----------------------------------------------------
	-2,12026353620038	|	-17,6688628016748	|	0,119999999999966	|
-----------------------------------------------------
	-2,07147337203093	|	-16,4402648573928	|	0,125999999999966	|
-----------------------------------------------------
	-2,02495335639603	|	-15,3405557302769	|	0,131999999999966	|
-----------------------------------------------------
	-1,98050159382518	|	-14,3514608248237	|	0,137999999999966	|
-----------------------------------------------------
	-1,93794197940637	|	-13,4579304125475	|	0,143999999999966	|
-----------------------------------------------------
	-1,89711998488611	|	-12,6474665659103	|	0,149999999999966	|
-----------------------------------------------------
	-1,85789927173282	|	-11,9096107162386	|	0,155999999999966	|
-----------------------------------------------------
	-1,82015894374996	|	-11,235549035496	|	0,161999999999966	|
-----------------------------------------------------
	-1,78379129957908	|	-10,6178053546396	|	0,167999999999966	|
-----------------------------------------------------
	-1,7486999797678	|	-10,049999883725	|	0,173999999999966	|
-----------------------------------------------------
	-1,71479842809212	|	-9,5266579338469	|	0,179999999999966	|
-----------------------------------------------------
	-1,68200860526912	|	-9,04305701757757	|	0,185999999999966	|
-----------------------------------------------------
	-1,65025990695453	|	-8,59510368205639	|	0,191999999999966	|
-----------------------------------------------------
	-1,61948824828777	|	-8,17923357721239	|	0,197999999999966	|
-----------------------------------------------------
	-1,58963528513809	|	-7,79232982910958	|	0,203999999999966	|
-----------------------------------------------------
	-1,56064774826483	|	-7,43165594411945	|	0,209999999999966	|
-----------------------------------------------------
	-1,53247687129813	|	-7,09480033008506	|	0,215999999999966	|
-----------------------------------------------------
	-1,50507789711001	|	-6,77963016716326	|	0,221999999999966	|
-----------------------------------------------------
	-1,47840965002785	|	-6,4842528510003	|	0,227999999999966	|
-----------------------------------------------------
	-1,45243416362458	|	-6,20698360523416	|	0,233999999999966	|
-----------------------------------------------------
	-1,42711635564029	|	-5,94631814850205	|	0,239999999999966	|
-----------------------------------------------------
	-1,40242374304991	|	-5,70090952459393	|	0,245999999999966	|
-----------------------------------------------------
	-1,37832619147085	|	-5,46954837885332	|	0,251999999999966	|
-----------------------------------------------------
	-1,35479569406065	|	-5,25114610101097	|	0,257999999999966	|
-----------------------------------------------------
	-1,33180617583595	|	-5,04472036301561	|	0,263999999999966	|
-----------------------------------------------------
	-1,30933331998389	|	-4,84938266660761	|	0,269999999999966	|
-----------------------------------------------------
	-1,28735441326511	|	-4,66432758429446	|	0,275999999999966	|
-----------------------------------------------------
	-1,26584820804414	|	-4,4888234327812	|	0,281999999999966	|
-----------------------------------------------------
	-1,24479479884631	|	-4,32220416266131	|	0,287999999999966	|
-----------------------------------------------------
	-1,22417551164357	|	-4,16386228450243	|	0,293999999999966	|
-----------------------------------------------------
	-1,20397280432605	|	-4,01324268108729	|	0,299999999999966	|
-----------------------------------------------------
	-1,18417017702987	|	-3,8698371798366	|	0,305999999999966	|
-----------------------------------------------------
	-1,16475209117276	|	-3,73317977940029	|	0,311999999999966	|
-----------------------------------------------------
	-1,14570389620207	|	-3,60284244088739	|	0,317999999999966	|
-----------------------------------------------------
	-1,12701176318991	|	-3,47843136787047	|	0,323999999999966	|
-----------------------------------------------------
	-1,10866262452171	|	-3,35958371067221	|	0,329999999999966	|
-----------------------------------------------------
	-1,09064411901903	|	-3,24596463993793	|	0,335999999999966	|
-----------------------------------------------------
	-1,07294454191963	|	-3,13726474245538	|	0,341999999999966	|
-----------------------------------------------------
	-1,05555279920776	|	-3,03319769887317	|	0,347999999999966	|
-----------------------------------------------------
	-1,03845836584846	|	-2,93349820861175	|	0,353999999999966	|
-----------------------------------------------------
	-1,02165124753208	|	-2,83792013203381	|	0,359999999999966	|
-----------------------------------------------------
	-1,00512194558086	|	-2,74623482399169	|	0,365999999999966	|
-----------------------------------------------------
	-0,988861424709082	|	-2,65822963631498	|	0,371999999999966	|
-----------------------------------------------------
	-0,972861083362639	|	-2,57370656974266	|	0,377999999999966	|
-----------------------------------------------------
	-0,957112726394499	|	-2,49248105831923	|	0,383999999999966	|
-----------------------------------------------------
	-0,941608539858532	|	-2,41438087143234	|	0,389999999999966	|
-----------------------------------------------------
	-0,926341067727742	|	-2,3392451205248	|	0,395999999999966	|
-----------------------------------------------------
	-0,911303190363201	|	-2,26692335911263	|	0,401999999999966	|
-----------------------------------------------------
	-0,896488104578059	|	-2,19727476612288	|	0,407999999999966	|
-----------------------------------------------------
	-0,881889305156905	|	-2,13016740376081	|	0,413999999999966	|
-----------------------------------------------------
	-0,867500567704804	|	-2,06547754215446	|	0,419999999999966	|
-----------------------------------------------------
	-0,853315932712846	|	-2,00308904392703	|	0,425999999999966	|
-----------------------------------------------------
	-0,839329690738105	|	-1,94289280263466	|	0,431999999999966	|
-----------------------------------------------------
	-0,825536368605769	|	-1,88478622969368	|	0,437999999999966	|
-----------------------------------------------------
	-0,811930716549989	|	-1,82867278502264	|	0,443999999999966	|
-----------------------------------------------------
	-0,798507696217847	|	-1,77446154715091	|	0,449999999999966	|
-----------------------------------------------------
	-0,785262469467825	|	-1,72206681900852	|	0,455999999999966	|
-----------------------------------------------------
	-0,772190387900472	|	-1,67140776601846	|	0,461999999999966	|
-----------------------------------------------------
	-0,759286983064563	|	-1,62240808347141	|	0,467999999999966	|
-----------------------------------------------------
	-0,746547957287132	|	-1,57499569047929	|	0,473999999999966	|
-----------------------------------------------------
	-0,733969175080271	|	-1,52910244808401	|	0,479999999999966	|
-----------------------------------------------------
	-0,721546655081713	|	-1,48466389934519	|	0,485999999999966	|
-----------------------------------------------------
	-0,709276562489898	|	-1,44161902945111	|	0,491999999999966	|
-----------------------------------------------------
	-0,697155201957552	|	-1,39991004409157	|	0,497999999999966	|
-----------------------------------------------------
	-0,685179010910836	|	-1,35948216450572	|	0,503999999999966	|
-----------------------------------------------------
	-0,673344553263832	|	-1,32028343777231	|	0,509999999999966	|
-----------------------------------------------------
	-0,66164851350064	|	-1,28226456104784	|	0,515999999999966	|
-----------------------------------------------------
	-0,650087691099563	|	-1,24537871858162	|	0,521999999999966	|
-----------------------------------------------------
	-0,63865899527594	|	-1,20958143044693	|	0,527999999999966	|
-----------------------------------------------------
	-0,627359440022006	|	-1,1748304120263	|	0,533999999999966	|
-----------------------------------------------------
	-0,61618613942388	|	-1,14108544337763	|	0,539999999999966	|
-----------------------------------------------------
	-0,605136303237294	|	-1,10830824768742	|	0,545999999999966	|
-----------------------------------------------------
	-0,594207232705103	|	-1,07646237808902	|	0,551999999999966	|
-----------------------------------------------------
	-0,583396316600887	|	-1,04551311218803	|	0,557999999999966	|
-----------------------------------------------------
	-0,572701027484138	|	-1,01542735369534	|	0,563999999999966	|
-----------------------------------------------------
	-0,562118918153601	|	-0,986173540620411	|	0,569999999999966	|
-----------------------------------------------------
	-0,551647618286305	|	-0,957721559524891	|	0,575999999999966	|
-----------------------------------------------------
	-0,541284831250757	|	-0,930042665379363	|	0,581999999999966	|
-----------------------------------------------------
	-0,531028331083568	|	-0,903109406604759	|	0,587999999999966	|
-----------------------------------------------------
	-0,520875959619549	|	-0,876895554915116	|	0,593999999999966	|
-----------------------------------------------------
	-0,510825623766047	|	-0,851376039610127	|	0,599999999999966	|
-----------------------------------------------------
	-0,500875292912878	|	-0,826526885994895	|	0,605999999999966	|
-----------------------------------------------------
	-0,491022996469866	|	-0,802325157630545	|	0,611999999999966	|
-----------------------------------------------------
	-0,481266821524501	|	-0,778748902143248	|	0,617999999999966	|
-----------------------------------------------------
	-0,471604910612764	|	-0,755777100341008	|	0,623999999999966	|
-----------------------------------------------------
	-0,462035459596612	|	-0,733389618407361	|	0,629999999999966	|
-----------------------------------------------------
	-0,452556715642068	|	-0,711567162959264	|	0,635999999999966	|
-----------------------------------------------------
	-0,443166975292229	|	-0,690291238772978	|	0,641999999999966	|
-----------------------------------------------------
	-0,433864582629915	|	-0,669544108996817	|	0,647999999999966	|
-----------------------------------------------------
	-0,42464792752499	|	-0,649308757683505	|	0,653999999999966	|
-----------------------------------------------------
	-0,415515443961717	|	-0,629568854487482	|	0,659999999999966	|
-----------------------------------------------------
	-0,406465608441799	|	-0,610308721384113	|	0,665999999999966	|
-----------------------------------------------------
	-0,397496938459038	|	-0,59151330127836	|	0,671999999999966	|
-----------------------------------------------------
	-0,388607991041791	|	-0,573168128380252	|	0,677999999999966	|
-----------------------------------------------------
	-0,379797361359636	|	-0,555259300233414	|	0,683999999999966	|
-----------------------------------------------------
	-0,371063681390881	|	-0,537773451291158	|	0,689999999999966	|
-----------------------------------------------------
	-0,362405618647766	|	-0,520697727942218	|	0,695999999999966	|
-----------------------------------------------------
	-0,353821874956374	|	-0,504019764895144	|	0,701999999999966	|
-----------------------------------------------------
	-0,345311185288465	|	-0,487727662836838	|	0,707999999999966	|
-----------------------------------------------------
	-0,3368723166426	|	-0,471809967286577	|	0,713999999999966	|
-----------------------------------------------------
	-0,328504066972083	|	-0,456255648572359	|	0,719999999999966	|
-----------------------------------------------------
	-0,320205264157387	|	-0,441054082861436	|	0,725999999999966	|
-----------------------------------------------------
	-0,311974765020872	|	-0,426195034181538	|	0,731999999999966	|
-----------------------------------------------------
	-0,30381145438171	|	-0,41166863737361	|	0,737999999999966	|
-----------------------------------------------------
	-0,295714244149091	|	-0,397465381920839	|	0,743999999999966	|
-----------------------------------------------------
	-0,287682072451826	|	-0,383576096602452	|	0,749999999999966	|
-----------------------------------------------------
	-0,279713902802649	|	-0,369991934924155	|	0,755999999999966	|
-----------------------------------------------------
	-0,271808723295535	|	-0,356704361280246	|	0,761999999999966	|
-----------------------------------------------------
	-0,263965545834509	|	-0,343705137805365	|	0,767999999999966	|
-----------------------------------------------------
	-0,256183405392453	|	-0,330986311876569	|	0,773999999999966	|
-----------------------------------------------------
	-0,248461359298543	|	-0,318540204228915	|	0,779999999999966	|
-----------------------------------------------------
	-0,240798486552973	|	-0,306359397650107	|	0,785999999999966	|
-----------------------------------------------------
	-0,233193887167754	|	-0,294436726221924	|	0,791999999999966	|
-----------------------------------------------------
	-0,225646681532371	|	-0,282765265078171	|	0,797999999999966	|
-----------------------------------------------------
	-0,218156009803213	|	-0,271338320650773	|	0,803999999999966	|
-----------------------------------------------------
	-0,210721031315694	|	-0,260149421377411	|	0,809999999999966	|
-----------------------------------------------------
	-0,203340924018071	|	-0,249192308845686	|	0,815999999999966	|
-----------------------------------------------------
	-0,196014883925998	|	-0,238460929350372	|	0,821999999999966	|
-----------------------------------------------------
	-0,188742124596918	|	-0,227949425841698	|	0,827999999999966	|
-----------------------------------------------------
	-0,181521876623431	|	-0,21765213024393	|	0,833999999999966	|
-----------------------------------------------------
	-0,174353387144818	|	-0,207563556124791	|	0,839999999999966	|
-----------------------------------------------------
	-0,167235919375954	|	-0,197678391697352	|	0,845999999999966	|
-----------------------------------------------------
	-0,160168752152861	|	-0,187991493137168	|	0,851999999999966	|
-----------------------------------------------------
	-0,153151179494214	|	-0,178497878198392	|	0,857999999999966	|
-----------------------------------------------------
	-0,14618251017812	|	-0,169192720113572	|	0,863999999999966	|
-----------------------------------------------------
	-0,139262067333546	|	-0,160071341762703	|	0,869999999999966	|
-----------------------------------------------------
	-0,132389188045784	|	-0,151129210097933	|	0,875999999999966	|
-----------------------------------------------------
	-0,125563222975384	|	-0,142361930811098	|	0,881999999999966	|
-----------------------------------------------------
	-0,118783535990005	|	-0,133765243231993	|	0,887999999999966	|
-----------------------------------------------------
	-0,112049503808661	|	-0,125335015445934	|	0,893999999999966	|
-----------------------------------------------------
	-0,105360515657864	|	-0,117067239619853	|	0,899999999999966	|
-----------------------------------------------------
	-0,0987159729391948	|	-0,108958027526709	|	0,905999999999966	|
-----------------------------------------------------
	-0,0921152889078425	|	-0,101003606258603	|	0,911999999999966	|
-----------------------------------------------------
	-0,0855578883616832	|	-0,093200314119484	|	0,917999999999966	|
-----------------------------------------------------
	-0,0790432073404893	|	-0,0855445966888443	|	0,923999999999966	|
-----------------------------------------------------
	-0,0725706928348716	|	-0,0780330030482518	|	0,929999999999966	|
-----------------------------------------------------
	-0,0661398025045809	|	-0,0706621821630163	|	0,935999999999966	|
-----------------------------------------------------
	-0,0597500044058096	|	-0,0634288794116898	|	0,941999999999966	|
-----------------------------------------------------
	-0,0534007767271507	|	-0,05632993325649	|	0,947999999999966	|
-----------------------------------------------------
	-0,0470916075338857	|	-0,0493622720481	|	0,953999999999966	|
-----------------------------------------------------
	-0,0408219945202901	|	-0,042522910958637	|	0,959999999999966	|
-----------------------------------------------------
	-0,0345914447696538	|	-0,0358089490369099	|	0,965999999999966	|
-----------------------------------------------------
	-0,0283994745217325	|	-0,0292175663803842	|	0,971999999999966	|
-----------------------------------------------------
	-0,022245608947354	|	-0,0227460214185632	|	0,977999999999966	|
-----------------------------------------------------
	-0,0161293819299177	|	-0,0163916483027625	|	0,983999999999966	|
-----------------------------------------------------
	-0,0100503358535353	|	-0,0101518543975108	|	0,989999999999966	|
-----------------------------------------------------
	-0,00400802139757249	|	-0,00402411786904882	|	0,995999999999966	|
-----------------------------------------------------
	0,0019980026626396	|	0,00199401463337292	|	1,00199999999997	|
-----------------------------------------------------
	0,00796816964914362	|	0,00790493020748401	|	1,00799999999997	|
-----------------------------------------------------
	0,0139029051689584	|	0,0137109518431547	|	1,01399999999997	|
-----------------------------------------------------
	0,0198026272961469	|	0,0194143404864191	|	1,01999999999997	|
-----------------------------------------------------
	0,0256677467485451	|	0,0250172970258733	|	1,02599999999997	|
-----------------------------------------------------
	0,0314986670593385	|	0,0305219642047864	|	1,03199999999997	|
-----------------------------------------------------
	0,0372957847436646	|	0,0359304284621058	|	1,03799999999997	|
-----------------------------------------------------
	0,0430594894604149	|	0,0412447217053796	|	1,04399999999997	|
-----------------------------------------------------
	0,0487901641694001	|	0,0464668230184778	|	1,04999999999997	|
-----------------------------------------------------
	0,054488185284038	|	0,0515986603068558	|	1,05599999999997	|
-----------------------------------------------------
	0,0601539228197156	|	0,0566421118829731	|	1,06199999999997	|
-----------------------------------------------------
	0,0657877405379718	|	0,0615990079943575	|	1,06799999999997	|
-----------------------------------------------------
	0,0713899960866418	|	0,066471132296689	|	1,07399999999997	|
-----------------------------------------------------
	0,0769610411360974	|	0,0712602232741664	|	1,07999999999997	|
-----------------------------------------------------
	0,0825012215117129	|	0,0759679756093144	|	1,08599999999997	|
-----------------------------------------------------
	0,0880108773226827	|	0,0805960415042906	|	1,09199999999997	|
-----------------------------------------------------
	0,0934903430873084	|	0,0851460319556569	|	1,09799999999997	|
-----------------------------------------------------
	0,0989399478548733	|	0,0896195179844894	|	1,10399999999997	|
-----------------------------------------------------
	0,104360015324213	|	0,0940180318236178	|	1,10999999999997	|
-----------------------------------------------------
	0,109750863959089	|	0,098343068063703	|	1,11599999999997	|
-----------------------------------------------------
	0,115112807100475	|	0,102596084759785	|	1,12199999999997	|
-----------------------------------------------------
	0,120446153075838	|	0,106778504499859	|	1,12799999999997	|
-----------------------------------------------------
	0,125751205305531	|	0,110891715436979	|	1,13399999999997	|
-----------------------------------------------------
	0,131028262406375	|	0,114937072286297	|	1,13999999999997	|
-----------------------------------------------------
	0,136277618292519	|	0,118915897288414	|	1,14599999999997	|
-----------------------------------------------------
	0,14149956227367	|	0,122829481140343	|	1,15199999999997	|
-----------------------------------------------------
	0,146694379150775	|	0,126679083895319	|	1,15799999999997	|
-----------------------------------------------------
	0,151862349309217	|	0,130465935832665	|	1,16399999999997	|
-----------------------------------------------------
	0,157003748809636	|	0,134191238298838	|	1,16999999999997	|
-----------------------------------------------------
	0,162118849476407	|	0,137856164520758	|	1,17599999999997	|
-----------------------------------------------------
	0,167207918983878	|	0,141461860392456	|	1,18199999999997	|
-----------------------------------------------------
	0,172271220940425	|	0,145009445236052	|	1,18799999999997	|
-----------------------------------------------------
	0,177309014970382	|	0,148500012538013	|	1,19399999999997	|
-----------------------------------------------------
	0,182321556793927	|	0,15193463066161	|	1,19999999999997	|
-----------------------------------------------------
	0,187309098304966	|	0,15531434353646	|	1,20599999999997	|
-----------------------------------------------------
	0,192271887647095	|	0,158640171325991	|	1,21199999999997	|
-----------------------------------------------------
	0,197210169287678	|	0,161913111073632	|	1,21799999999997	|
-----------------------------------------------------
	0,202124184090107	|	0,165134137328523	|	1,22399999999997	|
-----------------------------------------------------
	0,207014169384299	|	0,168304202751467	|	1,22999999999997	|
-----------------------------------------------------
	0,211880359035472	|	0,171424238701843	|	1,23599999999997	|
-----------------------------------------------------
	0,21672298351126	|	0,174495155806172	|	1,24199999999997	|
-----------------------------------------------------
	0,221542269947209	|	0,177517844508987	|	1,24799999999997	|
-----------------------------------------------------
	0,226338442210702	|	0,180493175606626	|	1,25399999999997	|
-----------------------------------------------------
	0,23111172096336	|	0,183422000764576	|	1,25999999999997	|
-----------------------------------------------------
	0,235862323721958	|	0,186305153018929	|	1,26599999999997	|
-----------------------------------------------------
	0,240590464917904	|	0,189143447262508	|	1,27199999999997	|
-----------------------------------------------------
	0,245296355955317	|	0,191937680716216	|	1,27799999999997	|
-----------------------------------------------------
	0,249980205267744	|	0,194688633386098	|	1,28399999999997	|
-----------------------------------------------------
	0,254642218373555	|	0,197397068506637	|	1,28999999999997	|
-----------------------------------------------------
	0,259282597930057	|	0,200063732970728	|	1,29599999999997	|
-----------------------------------------------------
	0,263901543786352	|	0,202689357746819	|	1,30199999999997	|
-----------------------------------------------------
	0,268499253034982	|	0,20527465828363	|	1,30799999999997	|
-----------------------------------------------------
	0,273075920062393	|	0,207820334902892	|	1,31399999999997	|
-----------------------------------------------------
	0,277631736598254	|	0,210327073180501	|	1,31999999999997	|
-----------------------------------------------------
	0,282166891763646	|	0,21279554431648	|	1,32599999999997	|
-----------------------------------------------------
	0,286681572118172	|	0,215226405494129	|	1,33199999999997	|
-----------------------------------------------------
	0,291175961706012	|	0,217620300228714	|	1,33799999999997	|
-----------------------------------------------------
	0,295650242100933	|	0,219977858706057	|	1,34399999999997	|
-----------------------------------------------------
	0,300104592450313	|	0,222299698111349	|	1,34999999999997	|
-----------------------------------------------------
	0,304539189518179	|	0,224586422948515	|	1,35599999999997	|
-----------------------------------------------------
	0,308954207727296	|	0,226838625350443	|	1,36199999999997	|
-----------------------------------------------------
	0,313349819200334	|	0,229056885380367	|	1,36799999999997	|
-----------------------------------------------------
	0,317726193800133	|	0,231241771324702	|	1,37399999999997	|
-----------------------------------------------------
	0,322083499169089	|	0,233393839977607	|	1,37999999999997	|
-----------------------------------------------------
	0,326421900767688	|	0,235513636917529	|	1,38599999999997	|
-----------------------------------------------------
	0,330741561912204	|	0,237601696776014	|	1,39199999999997	|
-----------------------------------------------------
	0,335042643811595	|	0,239658543499001	|	1,39799999999997	|
-----------------------------------------------------
	0,339325305603596	|	0,241684690600857	|	1,40399999999997	|
-----------------------------------------------------
	0,343589704390053	|	0,243680641411391	|	1,40999999999997	|
-----------------------------------------------------
	0,347835995271505	|	0,24564688931604	|	1,41599999999997	|
-----------------------------------------------------
	0,352064331381026	|	0,247583917989475	|	1,42199999999997	|
-----------------------------------------------------
	0,356274863917369	|	0,249492201622814	|	1,42799999999997	|
-----------------------------------------------------
	0,360467742177406	|	0,25137220514464	|	1,43399999999997	|
-----------------------------------------------------
	0,364643113587886	|	0,253224384436038	|	1,43999999999997	|
-----------------------------------------------------
	0,36880112373655	|	0,255049186539805	|	1,44599999999997	|
-----------------------------------------------------
	0,372941916402582	|	0,256847049864043	|	1,45199999999997	|
-----------------------------------------------------
	0,377065633586444	|	0,258618404380283	|	1,45799999999997	|
-----------------------------------------------------
	0,381172415539097	|	0,260363671816329	|	1,46399999999997	|
-----------------------------------------------------
	0,385262400790622	|	0,262083265843967	|	1,46999999999997	|
-----------------------------------------------------
	0,389335726178258	|	0,263777592261699	|	1,47599999999997	|
-----------------------------------------------------
	0,393392526873873	|	0,26544704917266	|	1,48199999999997	|
-----------------------------------------------------
	0,397432936410878	|	0,267092027157854	|	1,48799999999997	|
-----------------------------------------------------
	0,401457086710603	|	0,268712909444854	|	1,49399999999997	|
-----------------------------------------------------
	0,405465108108142	|	0,270310072072101	|	1,49999999999997	|
-----------------------------------------------------
	0,40945712937768	|	0,27188388404893	|	1,50599999999997	|
-----------------------------------------------------
	0,413433277757319	|	0,273434707511461	|	1,51199999999997	|
-----------------------------------------------------
	0,417393678973416	|	0,274962897874457	|	1,51799999999997	|
-----------------------------------------------------
	0,421338457264433	|	0,276468803979293	|	1,52399999999997	|
-----------------------------------------------------
	0,425267735404323	|	0,277952768238125	|	1,52999999999997	|
-----------------------------------------------------
	0,429181634725459	|	0,279415126774393	|	1,53599999999997	|
-----------------------------------------------------
	0,433080275141116	|	0,280856209559744	|	1,54199999999997	|
-----------------------------------------------------
	0,436963775167514	|	0,282276340547496	|	1,54799999999997	|
-----------------------------------------------------
	0,440832251945434	|	0,283675837802731	|	1,55399999999997	|
-----------------------------------------------------
	0,444685821261425	|	0,285055013629124	|	1,55999999999997	|
-----------------------------------------------------
	0,44852459756859	|	0,286414174692592	|	1,56599999999997	|
-----------------------------------------------------
	0,452348694006994	|	0,28775362214186	|	1,57199999999997	|
-----------------------------------------------------
	0,456158222423662	|	0,289073651726027	|	1,57799999999997	|
-----------------------------------------------------
	0,459953293392213	|	0,290374553909232	|	1,58399999999997	|
-----------------------------------------------------
	0,463734016232119	|	0,291656613982471	|	1,58999999999997	|
-----------------------------------------------------
	0,467500499027596	|	0,292920112172685	|	1,59599999999997	|
-----------------------------------------------------
	0,471252848646147	|	0,294165323749161	|	1,60199999999997	|
-----------------------------------------------------
	0,474991170756754	|	0,295392519127341	|	1,60799999999997	|
-----------------------------------------------------
	0,478715569847737	|	0,296601963970103	|	1,61399999999997	|
-----------------------------------------------------
	0,482426149244272	|	0,297793919286594	|	1,61999999999997	|
-----------------------------------------------------
	0,486123011125599	|	0,298968641528664	|	1,62599999999997	|
-----------------------------------------------------
	0,489806256541895	|	0,300126382684991	|	1,63199999999997	|
-----------------------------------------------------
	0,493475985430858	|	0,301267390372935	|	1,63799999999997	|
-----------------------------------------------------
	0,497132296633968	|	0,302391907928211	|	1,64399999999997	|
-----------------------------------------------------
	0,500775287912469	|	0,303500174492412	|	1,64999999999997	|
-----------------------------------------------------
	0,504405055963048	|	0,304592425098465	|	1,65599999999997	|
-----------------------------------------------------
	0,508021696433237	|	0,305668890754059	|	1,66199999999997	|
-----------------------------------------------------
	0,511625303936535	|	0,306729798523109	|	1,66799999999997	|
-----------------------------------------------------
	0,515215972067264	|	0,307775371605301	|	1,67399999999997	|
-----------------------------------------------------
	0,518793793415148	|	0,308805829413785	|	1,67999999999997	|
-----------------------------------------------------
	0,522358859579644	|	0,309821387651041	|	1,68599999999997	|
-----------------------------------------------------
	0,525911261184012	|	0,310822258382992	|	1,69199999999997	|
-----------------------------------------------------
	0,529451087889136	|	0,311808650111394	|	1,69799999999997	|
-----------------------------------------------------
	0,532978428407105	|	0,312780767844551	|	1,70399999999997	|
-----------------------------------------------------
	0,536493370514549	|	0,313738813166409	|	1,70999999999997	|
-----------------------------------------------------
	0,539996001065751	|	0,314682984304057	|	1,71599999999997	|
-----------------------------------------------------
	0,54348640600552	|	0,315613476193688	|	1,72199999999997	|
-----------------------------------------------------
	0,546964670381845	|	0,316530480545055	|	1,72799999999997	|
-----------------------------------------------------
	0,550430878358331	|	0,317434185904465	|	1,73399999999997	|
-----------------------------------------------------
	0,553885113226419	|	0,318324777716339	|	1,73999999999997	|
-----------------------------------------------------
	0,557327457417392	|	0,319202438383392	|	1,74599999999997	|
-----------------------------------------------------
	0,560757992514181	|	0,320067347325452	|	1,75199999999997	|
-----------------------------------------------------
	0,564176799262967	|	0,320919681036961	|	1,75799999999997	|
-----------------------------------------------------
	0,567583957584581	|	0,321759613143192	|	1,76399999999997	|
-----------------------------------------------------
	0,570979546585719	|	0,322587314455215	|	1,76999999999997	|
-----------------------------------------------------
	0,57436364456996	|	0,323402953023632	|	1,77599999999997	|
-----------------------------------------------------
	0,577736329048599	|	0,324206694191139	|	1,78199999999997	|
-----------------------------------------------------
	0,581097676751304	|	0,324998700643912	|	1,78799999999997	|
-----------------------------------------------------
	0,584447763636586	|	0,325779132461871	|	1,79399999999997	|
-----------------------------------------------------
	0,587786664902101	|	0,32654814716784	|	1,79999999999997	|
-----------------------------------------------------
	0,591114454994776	|	0,327305899775629	|	1,80599999999997	|
-----------------------------------------------------
	0,59443120762077	|	0,328052542837075	|	1,81199999999997	|
-----------------------------------------------------
	0,597736995755269	|	0,328788226488053	|	1,81799999999997	|
-----------------------------------------------------
	0,601031891652122	|	0,329513098493494	|	1,82399999999997	|
-----------------------------------------------------
	0,604315966853312	|	0,330227304291433	|	1,82999999999997	|
-----------------------------------------------------
	0,607589292198281	|	0,330930987036107	|	1,83599999999997	|
-----------------------------------------------------
	0,610851937833097	|	0,331624287640124	|	1,84199999999997	|
-----------------------------------------------------
	0,614103973219475	|	0,332307344815739	|	1,84799999999997	|
-----------------------------------------------------
	0,617345467143646	|	0,332980295115241	|	1,85399999999997	|
-----------------------------------------------------
	0,620576487725092	|	0,333643272970486	|	1,85999999999997	|
-----------------------------------------------------
	0,623797102425135	|	0,334296410731589	|	1,86599999999997	|
-----------------------------------------------------
	0,627007378055383	|	0,334939838704804	|	1,87199999999997	|
-----------------------------------------------------
	0,630207380786054	|	0,335573685189598	|	1,87799999999997	|
-----------------------------------------------------
	0,633397176154154	|	0,33619807651495	|	1,88399999999997	|
-----------------------------------------------------
	0,636576829071534	|	0,336813137074891	|	1,88999999999997	|
-----------------------------------------------------
	0,639746403832813	|	0,337418989363304	|	1,89599999999997	|
-----------------------------------------------------
	0,642905964123181	|	0,338015754007988	|	1,90199999999997	|
-----------------------------------------------------
	0,646055573026078	|	0,33860354980403	|	1,90799999999997	|
-----------------------------------------------------
	0,649195293030745	|	0,339182493746477	|	1,91399999999997	|
-----------------------------------------------------
	0,652325186039673	|	0,339752701062336	|	1,91999999999997	|
-----------------------------------------------------
	0,655445313375917	|	0,340314285241915	|	1,92599999999997	|
-----------------------------------------------------
	0,658555735790309	|	0,340867358069524	|	1,93199999999997	|
-----------------------------------------------------
	0,661656513468558	|	0,341412029653544	|	1,93799999999997	|
-----------------------------------------------------
	0,664747706038231	|	0,341948408455886	|	1,94399999999997	|
-----------------------------------------------------
	0,667829372575639	|	0,342476601320846	|	1,94999999999997	|
-----------------------------------------------------
	0,670901571612609	|	0,342996713503385	|	1,95599999999997	|
-----------------------------------------------------
	0,673964361143155	|	0,343508848696823	|	1,96199999999997	|
-----------------------------------------------------
	0,677017798630045	|	0,344013109059988	|	1,96799999999997	|
-----------------------------------------------------
	0,680061941011273	|	0,344509595243812	|	1,97399999999997	|
-----------------------------------------------------
	0,683096844706427	|	0,344998406417393	|	1,97999999999997	|
-----------------------------------------------------
	0,686122565622964	|	0,345479640293543	|	1,98599999999997	|
-----------------------------------------------------
	0,68913915916239	|	0,345953393153816	|	1,99199999999997	|
-----------------------------------------------------
	0,692146680226345	|	0,346419759873051	|	1,99799999999997	|
-----------------------------------------------------
	0,695145183222602	|	0,34687883394342	|	2,00399999999997	|
-----------------------------------------------------
	0,698134722070968	|	0,347330707498	|	2,00999999999997	|
-----------------------------------------------------
	0,701115350209106	|	0,347775471333888	|	2,01599999999997	|
-----------------------------------------------------
	0,704087120598263	|	0,348213214934854	|	2,02199999999997	|
-----------------------------------------------------
	0,70705008572892	|	0,348644026493556	|	2,02799999999997	|
-----------------------------------------------------
	0,710004297626352	|	0,349067992933315	|	2,03399999999997	|
-----------------------------------------------------
	0,712949807856108	|	0,349485199929471	|	2,03999999999997	|
-----------------------------------------------------
	0,715886667529418	|	0,349895731930318	|	2,04599999999997	|
-----------------------------------------------------
	0,718814927308506	|	0,350299672177641	|	2,05199999999997	|
-----------------------------------------------------
	0,721734637411841	|	0,350697102726848	|	2,05799999999997	|
-----------------------------------------------------
	0,724645847619299	|	0,351088104466721	|	2,06399999999997	|
-----------------------------------------------------
	0,727548607277261	|	0,351472757138779	|	2,06999999999996	|
-----------------------------------------------------
	0,730442965303625	|	0,35185113935628	|	2,07599999999996	|
-----------------------------------------------------
	0,73332897019276	|	0,352223328622849	|	2,08199999999996	|
-----------------------------------------------------
	0,736206670020375	|	0,35258940135076	|	2,08799999999996	|
-----------------------------------------------------
	0,739076112448328	|	0,352949432878864	|	2,09399999999996	|
-----------------------------------------------------
	0,74193734472936	|	0,353303497490178	|	2,09999999999996	|
-----------------------------------------------------
	0,744790413711766	|	0,353651668429145	|	2,10599999999996	|
-----------------------------------------------------
	0,747635365843998	|	0,353994017918566	|	2,11199999999996	|
-----------------------------------------------------
	0,750472247179197	|	0,354330617176209	|	2,11799999999996	|
-----------------------------------------------------
	0,753301103379675	|	0,354661536431115	|	2,12399999999996	|
-----------------------------------------------------
	0,756121979721316	|	0,354986844939591	|	2,12999999999996	|
-----------------------------------------------------
	0,758934921097931	|	0,35530661100091	|	2,13599999999996	|
-----------------------------------------------------
	0,761739972025539	|	0,355620901972714	|	2,14199999999996	|
-----------------------------------------------------
	0,7645371766466	|	0,355929784286133	|	2,14799999999996	|
-----------------------------------------------------
	0,767326578734179	|	0,356233323460628	|	2,15399999999996	|
-----------------------------------------------------
	0,770108221696056	|	0,356531584118551	|	2,15999999999996	|
-----------------------------------------------------
	0,772882148578781	|	0,356824629999444	|	2,16599999999996	|
-----------------------------------------------------
	0,775648402071671	|	0,357112523974072	|	2,17199999999996	|
-----------------------------------------------------
	0,778407024510751	|	0,357395328058202	|	2,17799999999996	|
-----------------------------------------------------
	0,781158057882641	|	0,357673103426124	|	2,18399999999996	|
-----------------------------------------------------
	0,783901543828391	|	0,357945910423929	|	2,18999999999996	|
-----------------------------------------------------
	0,786637523647266	|	0,35821380858255	|	2,19599999999996	|
-----------------------------------------------------
	0,78936603830047	|	0,358476856630556	|	2,20199999999996	|
-----------------------------------------------------
	0,792087128414831	|	0,358735112506723	|	2,20799999999996	|
-----------------------------------------------------
	0,794800834286427	|	0,358988633372376	|	2,21399999999996	|
-----------------------------------------------------
	0,79750719588417	|	0,359237475623506	|	2,21999999999996	|
-----------------------------------------------------
	0,800206252853335	|	0,359481694902673	|	2,22599999999996	|
-----------------------------------------------------
	0,802898044519046	|	0,35972134611069	|	2,23199999999996	|
-----------------------------------------------------
	0,805582609889715	|	0,35995648341811	|	2,23799999999996	|
-----------------------------------------------------
	0,808259987660431	|	0,360187160276491	|	2,24399999999996	|
-----------------------------------------------------
	0,81093021621631	|	0,360413429429478	|	2,24999999999996	|
-----------------------------------------------------
	0,813593333635794	|	0,360635342923674	|	2,25599999999996	|
-----------------------------------------------------
	0,81624937769391	|	0,36085295211933	|	2,26199999999996	|
-----------------------------------------------------
	0,818898385865487	|	0,361066307700839	|	2,26799999999996	|
-----------------------------------------------------
	0,821540395328326	|	0,361275459687045	|	2,27399999999996	|
-----------------------------------------------------
	0,824175442966331	|	0,36148045744138	|	2,27999999999996	|
-----------------------------------------------------
	0,8268035653726	|	0,361681349681809	|	2,28599999999996	|
-----------------------------------------------------
	0,829424798852474	|	0,361878184490615	|	2,29199999999996	|
-----------------------------------------------------
	0,832039179426545	|	0,362071009324004	|	2,29799999999996	|
-----------------------------------------------------
	0,834646742833626	|	0,362259871021546	|	2,30399999999996	|
-----------------------------------------------------
	0,837247524533683	|	0,362444815815454	|	2,30999999999996	|
-----------------------------------------------------
	0,83984155971073	|	0,3626258893397	|	2,31599999999996	|
-----------------------------------------------------
	0,842428883275681	|	0,362803136638974	|	2,32199999999996	|
-----------------------------------------------------
	0,845009529869172	|	0,362976602177486	|	2,32799999999996	|
-----------------------------------------------------
	0,847583533864345	|	0,363146329847627	|	2,33399999999996	|
-----------------------------------------------------
	0,850150929369591	|	0,363312362978465	|	2,33999999999996	|
-----------------------------------------------------
	0,852711750231264	|	0,363474744344109	|	2,34599999999995	|
-----------------------------------------------------
	0,855266030036361	|	0,363633516171929	|	2,35199999999995	|
-----------------------------------------------------
	0,85781380211516	|	0,363788720150626	|	2,35799999999995	|
-----------------------------------------------------
	0,860355099543832	|	0,363940397438176	|	2,36399999999995	|
-----------------------------------------------------
	0,86288995514702	|	0,364088588669636	|	2,36999999999995	|
-----------------------------------------------------
	0,865418401500379	|	0,364233333964813	|	2,37599999999995	|
-----------------------------------------------------
	0,867940470933089	|	0,364374672935813	|	2,38199999999995	|
-----------------------------------------------------
	0,870456195530336	|	0,364512644694453	|	2,38799999999995	|
-----------------------------------------------------
	0,872965607135762	|	0,364647287859557	|	2,39399999999995	|
-----------------------------------------------------
	0,87546873735388	|	0,364778640564124	|	2,39999999999995	|
-----------------------------------------------------
	0,877965617552467	|	0,364906740462379	|	2,40599999999995	|
-----------------------------------------------------
	0,880456278864919	|	0,365031624736707	|	2,41199999999995	|
-----------------------------------------------------
	0,882940752192581	|	0,365153330104466	|	2,41799999999995	|
-----------------------------------------------------
	0,885419068207048	|	0,365271892824697	|	2,42399999999995	|
-----------------------------------------------------
	0,887891257352437	|	0,365387348704714	|	2,42999999999995	|
-----------------------------------------------------
	0,890357349847631	|	0,365499733106588	|	2,43599999999995	|
-----------------------------------------------------
	0,892817375688493	|	0,365609080953526	|	2,44199999999995	|
-----------------------------------------------------
	0,89527136465006	|	0,365715426736143	|	2,44799999999995	|
-----------------------------------------------------
	0,8977193462887	|	0,36581880451863	|	2,45399999999995	|
-----------------------------------------------------
	0,900161349944251	|	0,365919247944825	|	2,45999999999995	|
-----------------------------------------------------
	0,902597404742132	|	0,366016790244181	|	2,46599999999995	|
-----------------------------------------------------
	0,905027539595424	|	0,366111464237639	|	2,47199999999995	|
-----------------------------------------------------
	0,907451783206931	|	0,366203302343401	|	2,47799999999995	|
-----------------------------------------------------
	0,909870164071212	|	0,366292336582621	|	2,48399999999995	|
-----------------------------------------------------
	0,912282710476596	|	0,366378598584986	|	2,48999999999995	|
-----------------------------------------------------
	0,914689450507161	|	0,366462119594223	|	2,49599999999995	|
-----------------------------------------------------
	0,917090412044699	|	0,366542930473508	|	2,50199999999995	|
-----------------------------------------------------
	0,919485622770654	|	0,366621061710795	|	2,50799999999995	|
-----------------------------------------------------
	0,921875110168035	|	0,366696543424047	|	2,51399999999995	|
-----------------------------------------------------
	0,924258901523311	|	0,366769405366401	|	2,51999999999995	|
-----------------------------------------------------
	0,926637023928279	|	0,366839676931234	|	2,52599999999995	|
-----------------------------------------------------
	0,929009504281909	|	0,36690738715716	|	2,53199999999995	|
-----------------------------------------------------
	0,931376369292175	|	0,366972564732937	|	2,53799999999995	|
-----------------------------------------------------
	0,933737645477855	|	0,367035238002309	|	2,54399999999995	|
-----------------------------------------------------
	0,936093359170314	|	0,367095434968758	|	2,54999999999995	|
-----------------------------------------------------
	0,938443536515268	|	0,367153183300191	|	2,55599999999995	|
-----------------------------------------------------
	0,940788203474522	|	0,367208510333545	|	2,56199999999995	|
-----------------------------------------------------
	0,943127385827694	|	0,367261443079328	|	2,56799999999995	|
-----------------------------------------------------
	0,945461109173914	|	0,367312008226082	|	2,57399999999995	|
-----------------------------------------------------
	0,947789398933505	|	0,367360232144777	|	2,57999999999995	|
-----------------------------------------------------
	0,950112280349645	|	0,367406140893142	|	2,58599999999995	|
-----------------------------------------------------
	0,952429778490007	|	0,367449760219918	|	2,59199999999995	|
-----------------------------------------------------
	0,954741918248387	|	0,367491115569056	|	2,59799999999995	|
-----------------------------------------------------
	0,957048724346302	|	0,367530232083841	|	2,60399999999995	|
-----------------------------------------------------
	0,959350221334581	|	0,367567134610958	|	2,60999999999995	|
-----------------------------------------------------
	0,961646433594931	|	0,367601847704492	|	2,61599999999995	|
-----------------------------------------------------
	0,963937385341487	|	0,367634395629866	|	2,62199999999994	|
-----------------------------------------------------
	0,966223100622343	|	0,367664802367718	|	2,62799999999994	|
-----------------------------------------------------
	0,968503603321068	|	0,367693091617725	|	2,63399999999994	|
-----------------------------------------------------
	0,970778917158204	|	0,367719286802358	|	2,63999999999994	|
-----------------------------------------------------
	0,973049065692743	|	0,367743411070583	|	2,64599999999994	|
-----------------------------------------------------
	0,975314072323595	|	0,367765487301514	|	2,65199999999994	|
-----------------------------------------------------
	0,977573960291032	|	0,367785538107996	|	2,65799999999994	|
-----------------------------------------------------
	0,979828752678121	|	0,367803585840144	|	2,66399999999994	|
-----------------------------------------------------
	0,982078472412137	|	0,367819652588823	|	2,66999999999994	|
-----------------------------------------------------
	0,984323142265961	|	0,367833760189081	|	2,67599999999994	|
-----------------------------------------------------
	0,986562784859465	|	0,367845930223522	|	2,68199999999994	|
-----------------------------------------------------
	0,988797422660882	|	0,367856184025633	|	2,68799999999994	|
-----------------------------------------------------
	0,991027077988151	|	0,367864542683063	|	2,69399999999994	|
-----------------------------------------------------
	0,993251773010262	|	0,367871027040846	|	2,69999999999994	|
-----------------------------------------------------
	0,995471529748575	|	0,367875657704581	|	2,70599999999994	|
-----------------------------------------------------
	0,997686370078128	|	0,367878455043565	|	2,71199999999994	|
-----------------------------------------------------
	0,99989631572893	|	0,367879439193875	|	2,71799999999994	|
-----------------------------------------------------
	1,00210138828724	|	0,367878630061405	|	2,72399999999994	|
-----------------------------------------------------
	1,00430160919685	|	0,36787604732486	|	2,72999999999994	|
-----------------------------------------------------
	1,00649699976028	|	0,367871710438708	|	2,73599999999994	|
-----------------------------------------------------
	1,0086875811401	|	0,367865638636077	|	2,74199999999994	|
-----------------------------------------------------
	1,01087337436008	|	0,367857850931624	|	2,74799999999994	|
-----------------------------------------------------
	1,01305440030644	|	0,367848366124351	|	2,75399999999994	|
-----------------------------------------------------
	1,01523067972904	|	0,367837202800384	|	2,75999999999994	|
-----------------------------------------------------
	1,01740223324254	|	0,367824379335707	|	2,76599999999994	|
-----------------------------------------------------
	1,01956908132764	|	0,367809913898866	|	2,77199999999994	|
-----------------------------------------------------
	1,02173124433213	|	0,367793824453619	|	2,77799999999994	|
-----------------------------------------------------
	1,02388874247215	|	0,367776128761557	|	2,78399999999994	|
-----------------------------------------------------
	1,02604159583325	|	0,367756844384686	|	2,78999999999994	|
-----------------------------------------------------
	1,02818982437154	|	0,36773598868797	|	2,79599999999994	|
-----------------------------------------------------
	1,03033344791479	|	0,367713578841833	|	2,80199999999994	|
-----------------------------------------------------
	1,03247248616354	|	0,367689631824632	|	2,80799999999994	|
-----------------------------------------------------
	1,03460695869218	|	0,367664164425088	|	2,81399999999994	|
-----------------------------------------------------
	1,03673688495	|	0,367637193244689	|	2,81999999999994	|
-----------------------------------------------------
	1,03886228426231	|	0,367608734700048	|	2,82599999999994	|
-----------------------------------------------------
	1,04098317583145	|	0,367578805025238	|	2,83199999999994	|
-----------------------------------------------------
	1,04309957873783	|	0,367547420274085	|	2,83799999999994	|
-----------------------------------------------------
	1,04521151194097	|	0,367514596322432	|	2,84399999999994	|
-----------------------------------------------------
	1,04731899428054	|	0,367480348870372	|	2,84999999999994	|
-----------------------------------------------------
	1,04942204447732	|	0,367444693444446	|	2,85599999999994	|
-----------------------------------------------------
	1,05152068113424	|	0,367407645399811	|	2,86199999999994	|
-----------------------------------------------------
	1,05361492273735	|	0,367369219922376	|	2,86799999999994	|
-----------------------------------------------------
	1,05570478765681	|	0,36732943203091	|	2,87399999999994	|
-----------------------------------------------------
	1,05779029414783	|	0,367288296579117	|	2,87999999999994	|
-----------------------------------------------------
	1,05987146035166	|	0,367245828257686	|	2,88599999999994	|
-----------------------------------------------------
	1,0619483042965	|	0,367202041596307	|	2,89199999999994	|
-----------------------------------------------------
	1,06402084389847	|	0,367156950965663	|	2,89799999999993	|
-----------------------------------------------------
	1,06608909696253	|	0,367110570579391	|	2,90399999999993	|
-----------------------------------------------------
	1,06815308118338	|	0,367062914496015	|	2,90999999999993	|
-----------------------------------------------------
	1,07021281414639	|	0,367013996620855	|	2,91599999999993	|
-----------------------------------------------------
	1,07226831332849	|	0,366963830707909	|	2,92199999999993	|
-----------------------------------------------------
	1,07431959609904	|	0,366912430361703	|	2,92799999999993	|
-----------------------------------------------------
	1,07636667972077	|	0,366859809039125	|	2,93399999999993	|
-----------------------------------------------------
	1,07840958135057	|	0,366805980051222	|	2,93999999999993	|
-----------------------------------------------------
	1,08044831804042	|	0,366750956564983	|	2,94599999999993	|
-----------------------------------------------------
	1,0824829067382	|	0,366694751605091	|	2,95199999999993	|
-----------------------------------------------------
	1,08451336428859	|	0,366637378055649	|	2,95799999999993	|
-----------------------------------------------------
	1,08653970743382	|	0,36657884866189	|	2,96399999999993	|
-----------------------------------------------------
	1,08856195281459	|	0,366519176031855	|	2,96999999999993	|
-----------------------------------------------------
	1,09058011697082	|	0,366458372638054	|	2,97599999999993	|
-----------------------------------------------------
	1,09259421634252	|	0,366396450819098	|	2,98199999999993	|
-----------------------------------------------------
	1,09460426727055	|	0,366333422781316	|	2,98799999999993	|
-----------------------------------------------------
	1,09661028599741	|	0,366269300600347	|	2,99399999999993	|
-----------------------------------------------------
